0 1.947
1 1.94
2 1.936
3 1.933
4 1.93
5 1.928
6 1.925
7 1.921
8 1.918
9 1.915
10 1.912
11 1.908
12 1.905
13 1.901
14 1.897
15 1.893
16 1.889
17 1.885
18 1.88
19 1.876
20 1.871
21 1.866
22 1.861
23 1.856
24 1.85
25 1.845
26 1.839
27 1.833
28 1.827
29 1.821
30 1.814
31 1.807
32 1.8
33 1.793
34 1.786
35 1.779
36 1.771
37 1.764
38 1.756
39 1.748
40 1.74
41 1.732
42 1.724
43 1.716
44 1.708
45 1.7
46 1.692
47 1.685
48 1.677
49 1.67
50 1.662
51 1.655
52 1.648
53 1.641
54 1.635
55 1.629
56 1.622
57 1.616
58 1.611
59 1.605
60 1.6
61 1.594
62 1.589
63 1.584
64 1.58
65 1.575
66 1.571
67 1.566
68 1.562
69 1.558
70 1.554
71 1.55
72 1.546
73 1.543
74 1.539
75 1.535
76 1.532
77 1.529
78 1.525
79 1.522
80 1.519
81 1.516
82 1.513
83 1.51
84 1.507
85 1.504
86 1.501
87 1.499
88 1.496
89 1.493
90 1.491
91 1.488
92 1.486
93 1.483
94 1.481
95 1.479
96 1.476
97 1.474
98 1.472
99 1.47
100 1.468
101 1.466
102 1.464
103 1.462
104 1.46
105 1.458
106 1.456
107 1.454
108 1.452
109 1.45
110 1.449
111 1.447
112 1.445
113 1.443
114 1.442
115 1.44
116 1.438
117 1.437
118 1.435
119 1.434
120 1.432
121 1.431
122 1.429
123 1.428
124 1.426
125 1.425
126 1.423
127 1.422
128 1.421
129 1.419
130 1.418
131 1.417
132 1.415
133 1.414
134 1.413
135 1.411
136 1.41
137 1.409
138 1.407
139 1.406
140 1.405
141 1.404
142 1.402
143 1.401
144 1.4
145 1.399
146 1.397
147 1.396
148 1.395
149 1.394
150 1.393
151 1.391
152 1.39
153 1.389
154 1.388
155 1.387
156 1.385
157 1.384
158 1.383
159 1.382
160 1.38
161 1.379
162 1.378
163 1.376
164 1.375
165 1.374
166 1.373
167 1.371
168 1.37
169 1.368
170 1.367
171 1.366
172 1.364
173 1.363
174 1.361
175 1.359
176 1.358
177 1.356
178 1.355
179 1.353
180 1.351
181 1.349
182 1.347
183 1.345
184 1.343
185 1.341
186 1.339
187 1.337
188 1.334
189 1.332
190 1.329
191 1.326
192 1.323
193 1.32
194 1.317
195 1.314
196 1.31
197 1.306
198 1.302
199 1.298
200 1.293
201 1.288
202 1.283
203 1.277
204 1.271
205 1.264
206 1.257
207 1.249
208 1.24
209 1.231
210 1.22
211 1.209
212 1.196
213 1.183
214 1.167
215 1.151
216 1.133
217 1.113
218 1.091
219 1.068
220 1.042
221 1.015
222 0.986
223 0.955
224 0.923
225 0.89
226 0.856
227 0.821
228 0.785
229 0.749
230 0.713
231 0.678
232 0.642
233 0.607
234 0.573
235 0.539
236 0.507
237 0.476
238 0.446
239 0.418
240 0.391
241 0.366
242 0.342
243 0.32
244 0.299
245 0.279
246 0.261
247 0.245
248 0.229
249 0.215
250 0.202
251 0.19
252 0.179
253 0.168
254 0.159
255 0.15
256 0.142
257 0.134
258 0.127
259 0.121
260 0.115
261 0.109
262 0.104
263 0.099
264 0.094
265 0.09
266 0.086
267 0.083
268 0.079
269 0.076
270 0.073
271 0.07
272 0.068
273 0.065
274 0.063
275 0.061
276 0.058
277 0.056
278 0.055
279 0.053
280 0.051
281 0.05
282 0.049
283 0.05
284 0.056
285 0.078
286 0.14
287 0.31
288 0.548
289 0.69
290 0.832
291 0.432
292 0.409
293 0.325
294 0.255
295 0.198
296 0.144
297 0.113
298 0.084
299 0.069
300 0.056
301 0.048
302 0.041
303 0.038
304 0.034
305 0.032
306 0.03
307 0.028
308 0.027
309 0.026
310 0.025
311 0.024
312 0.024
313 0.023
314 0.022
315 0.022
316 0.021
317 0.021
318 0.02
319 0.02
320 0.019
321 0.019
322 0.019
323 0.018
324 0.018
325 0.018
326 0.017
327 0.017
328 0.017
329 0.017
330 0.016
331 0.016
332 0.016
333 0.016
334 0.015
335 0.015
336 0.015
337 0.015
338 0.015
339 0.014
340 0.014
341 0.014
342 0.014
343 0.014
344 0.014
345 0.014
346 0.014
347 0.014
348 0.014
349 0.014
350 0.014
351 0.014
352 0.014
353 0.015
354 0.015
355 0.016
356 0.017
357 0.019
358 0.02
359 0.022
360 0.024
361 0.028
362 0.029
363 0.035
364 0.035
365 0.042
366 0.041
367 0.049
368 0.044
369 0.051
370 0.045
371 0.05
372 0.042
373 0.045
374 0.038
375 0.039
376 0.033
377 0.033
378 0.028
379 0.028
380 0.024
381 0.024
382 0.021
383 0.021
384 0.018
385 0.018
386 0.016
387 0.016
388 0.015
389 0.015
390 0.014
391 0.013
392 0.013
393 0.013
394 0.012
395 0.012
396 0.011
397 0.011
398 0.011
399 0.011
400 0.011
401 0.01
402 0.01
403 0.01
404 0.01
405 0.01
406 0.01
407 0.01
408 0.01
409 0.01
410 0.009
411 0.01
412 0.009
413 0.009
414 0.009
415 0.009
416 0.009
417 0.009
418 0.009
419 0.01
420 0.01
421 0.01
422 0.01
423 0.01
424 0.01
425 0.01
426 0.01
427 0.011
428 0.011
429 0.011
430 0.011
431 0.012
432 0.012
433 0.012
434 0.012
435 0.013
436 0.013
437 0.014
438 0.014
439 0.015
440 0.015
441 0.016
442 0.015
443 0.017
444 0.016
445 0.017
446 0.016
447 0.017
448 0.016
449 0.018
450 0.016
451 0.017
452 0.016
453 0.017
454 0.016
455 0.017
456 0.015
457 0.016
458 0.015
459 0.015
460 0.014
461 0.014
462 0.013
463 0.013
464 0.012
465 0.013
466 0.012
467 0.012
468 0.011
469 0.011
470 0.01
471 0.011
472 0.01
473 0.01
474 0.01
475 0.01
476 0.009
477 0.009
478 0.009
479 0.009
480 0.008
481 0.009
482 0.008
483 0.008
484 0.008
485 0.008
486 0.008
487 0.008
488 0.008
489 0.008
490 0.007
491 0.008
492 0.007
493 0.007
494 0.007
495 0.007
496 0.007
497 0.007
498 0.007
499 0.007
500 0.007
501 0.007
502 0.007
503 0.007
504 0.007
505 0.007
506 0.007
507 0.007
508 0.007
509 0.007
510 0.007
511 0.008
512 0.007
513 0.008
514 0.008
515 0.008
516 0.008
517 0.008
518 0.008
519 0.008
520 0.008
521 0.008
522 0.008
523 0.008
524 0.008
525 0.009
526 0.008
527 0.009
528 0.009
529 0.009
530 0.009
531 0.009
532 0.009
533 0.009
534 0.009
535 0.009
536 0.009
537 0.01
538 0.009
539 0.01
540 0.009
541 0.01
542 0.009
543 0.01
544 0.009
545 0.01
546 0.009
547 0.009
548 0.009
549 0.009
550 0.009
551 0.009
552 0.009
553 0.009
554 0.008
555 0.009
556 0.008
557 0.008
558 0.008
559 0.008
560 0.008
561 0.008
562 0.008
563 0.008
564 0.007
565 0.008
566 0.007
567 0.007
568 0.007
569 0.007
570 0.007
571 0.007
572 0.007
573 0.007
574 0.007
575 0.007
576 0.006
577 0.006
578 0.006
579 0.006
580 0.006
581 0.006
582 0.006
583 0.006
584 0.006
585 0.006
586 0.006
587 0.006
588 0.006
589 0.006
590 0.006
591 0.006
592 0.006
593 0.006
594 0.006
595 0.006
596 0.006
597 0.006
598 0.006
599 0.006
600 0.005
601 0.006
602 0.005
603 0.006
604 0.005
605 0.006
606 0.005
607 0.006
608 0.005
609 0.006
610 0.005
611 0.006
612 0.006
613 0.006
614 0.006
615 0.006
616 0.006
617 0.006
618 0.006
619 0.006
620 0.006
621 0.006
622 0.006
623 0.006
624 0.006
625 0.006
626 0.006
627 0.006
628 0.006
629 0.006
630 0.006
631 0.006
632 0.006
633 0.006
634 0.006
635 0.006
636 0.006
637 0.006
638 0.006
639 0.006
640 0.006
641 0.006
642 0.006
643 0.006
644 0.006
645 0.006
646 0.006
647 0.006
648 0.006
649 0.006
650 0.006
651 0.006
652 0.006
653 0.006
654 0.006
655 0.006
656 0.006
657 0.006
658 0.006
659 0.006
660 0.006
661 0.006
662 0.006
663 0.006
664 0.006
665 0.006
666 0.006
667 0.006
668 0.006
669 0.006
670 0.005
671 0.006
672 0.005
673 0.006
674 0.005
675 0.005
676 0.005
677 0.005
678 0.005
679 0.005
680 0.005
681 0.005
682 0.005
683 0.005
684 0.005
685 0.005
686 0.005
687 0.005
688 0.005
689 0.005
690 0.005
691 0.005
692 0.005
693 0.005
694 0.005
695 0.005
696 0.005
697 0.005
698 0.005
699 0.005
700 0.004
701 0.005
702 0.004
703 0.005
704 0.004
705 0.004
706 0.004
707 0.004
708 0.004
709 0.004
710 0.004
711 0.004
712 0.004
713 0.004
714 0.004
715 0.004
716 0.004
717 0.004
718 0.004
719 0.004
720 0.004
721 0.004
722 0.004
723 0.004
724 0.004
725 0.004
726 0.004
727 0.004
728 0.004
729 0.004
730 0.004
731 0.004
732 0.004
733 0.004
734 0.004
735 0.004
736 0.004
737 0.004
738 0.004
739 0.004
740 0.004
741 0.004
742 0.004
743 0.004
744 0.004
745 0.004
746 0.004
747 0.004
748 0.004
749 0.004
750 0.004
751 0.004
752 0.004
753 0.004
754 0.004
755 0.004
756 0.004
757 0.004
758 0.004
759 0.005
760 0.004
761 0.005
762 0.004
763 0.005
764 0.004
765 0.005
766 0.004
767 0.005
768 0.004
769 0.005
770 0.004
771 0.004
772 0.004
773 0.004
774 0.004
775 0.004
776 0.004
777 0.004
778 0.004
779 0.004
780 0.004
781 0.004
782 0.004
783 0.004
784 0.004
785 0.004
786 0.004
787 0.004
788 0.004
789 0.004
790 0.004
791 0.004
792 0.004
793 0.004
794 0.004
795 0.004
796 0.004
797 0.004
798 0.004
799 0.004
800 0.004
801 0.004
802 0.004
803 0.004
804 0.004
805 0.004
806 0.004
807 0.004
808 0.004
809 0.004
810 0.004
811 0.004
812 0.004
813 0.004
814 0.004
815 0.004
816 0.004
817 0.004
818 0.004
819 0.004
820 0.004
821 0.004
822 0.004
823 0.004
824 0.004
825 0.004
826 0.004
827 0.004
828 0.004
829 0.004
830 0.004
831 0.004
832 0.003
833 0.004
834 0.003
835 0.004
836 0.003
837 0.004
838 0.003
839 0.003
840 0.003
841 0.003
842 0.003
843 0.003
844 0.003
845 0.003
846 0.003
847 0.003
848 0.003
849 0.003
850 0.003
851 0.003
852 0.003
853 0.003
854 0.003
855 0.003
856 0.003
857 0.003
858 0.003
859 0.003
860 0.003
861 0.003
862 0.003
863 0.003
864 0.003
865 0.003
866 0.003
867 0.003
868 0.003
869 0.003
870 0.003
871 0.003
872 0.003
873 0.003
874 0.003
875 0.003
876 0.003
877 0.003
878 0.003
879 0.003
880 0.003
881 0.003
882 0.003
883 0.003
884 0.003
885 0.003
886 0.003
887 0.003
888 0.003
889 0.003
890 0.003
891 0.003
892 0.003
893 0.003
894 0.003
895 0.003
896 0.003
897 0.003
898 0.003
899 0.003
900 0.003
901 0.003
902 0.003
903 0.003
904 0.003
905 0.003
906 0.003
907 0.003
908 0.003
909 0.003
910 0.003
911 0.003
912 0.003
913 0.003
914 0.003
915 0.003
916 0.003
917 0.003
918 0.003
919 0.003
920 0.003
921 0.003
922 0.003
923 0.003
924 0.003
925 0.003
926 0.003
927 0.003
928 0.003
929 0.003
930 0.003
931 0.003
932 0.003
933 0.003
934 0.003
935 0.003
936 0.003
937 0.003
938 0.003
939 0.003
940 0.003
941 0.003
942 0.003
943 0.003
944 0.003
945 0.003
946 0.003
947 0.003
948 0.003
949 0.003
950 0.003
951 0.003
952 0.003
953 0.003
954 0.003
955 0.003
956 0.003
957 0.003
958 0.003
959 0.003
960 0.003
961 0.003
962 0.003
963 0.003
964 0.003
965 0.003
966 0.003
967 0.003
968 0.003
969 0.003
970 0.003
971 0.003
972 0.003
973 0.003
974 0.003
975 0.003
976 0.003
977 0.003
978 0.003
979 0.003
980 0.003
981 0.003
982 0.003
983 0.003
984 0.003
985 0.003
986 0.003
987 0.003
988 0.003
989 0.003
990 0.003
991 0.003
992 0.003
993 0.003
994 0.003
995 0.003
996 0.003
997 0.003
998 0.003
999 0.003
